20090309 35.647430
20090310 38.545321
20090311 39.655329
20090312 40.672133
20090313 40.672133
20090316 40.223046
20090317 41.316107
20090318 41.688937
20090319 40.223046
20090320 38.918148
20090323 41.790617
20090324 40.926334
20090325 41.536417
20090326 43.239561
20090327 42.646428
20090330 41.222903
20090331 42.129553
20090401 42.917575
20090402 44.171632
20090403 44.154685
20090406 44.129266
20090407 43.044674
20090408 43.536130
20090409 45.018969
20090413 45.205380
20090414 44.857973
20090415 45.527369
20090416 46.400124
20090417 45.595157
20090420 44.036059
20090421 45.154542
20090422 44.959655
20090423 45.934090
20090424 48.298158
20090427 48.594725
20090428 47.916857
20090429 48.738774
20090430 48.806559
20090501 49.043815
20090504 49.552216
20090505 49.509849
20090506 50.111457
20090507 49.797944
20090508 50.916427
20090511 50.086038
20090512 50.441918
20090513 48.247317
20090514 49.094653
20090515 49.077706
20090518 50.187718
20090519 49.992831
20090520 49.744961
20090521 48.334665
20090522 47.924397
20090526 49.497090
20090527 47.898757
20090528 48.334665
20090529 48.804762
20090601 50.676611
20090602 51.249275
20090603 50.856102
20090604 51.155254
20090605 52.086904
20090608 51.873223
20090609 51.574071
20090610 51.676637
20090611 51.779206
20090612 52.138189
20090615 50.693706
20090616 49.924452
20090617 50.462930
20090618 50.693706
20090619 50.744987
20090622 49.121013
20090623 48.770576
20090624 49.129559
20090625 50.343269
20090626 50.650967
20090629 51.249275
20090630 51.368936
20090701 51.915962
20090702 51.497146
20090706 51.856128
20090707 50.223605
20090708 50.445835
20090709 50.505665
20090710 51.103973
20090713 51.702281
20090714 51.821942
20090715 52.992913
20090716 54.189529
20090717 53.779258
20090720 54.565606
20090721 54.873304
20090722 55.275026
20090723 59.343516
20090724 59.334967
20090727 59.753786
20090728 59.728139
20090729 58.736662
20090730 59.745237
20090731 60.275162
20090803 61.659818
20090804 61.565798
20090805 61.394856
20090806 61.882048
20090807 62.309411
20090810 60.608511
20090811 60.976036
20090812 61.822218
20090813 62.052991
20090814 60.958944
20090817 59.899088
20090818 60.129861
20090819 60.947782
20090820 61.326609
20090821 62.540567
20090824 62.471688
20090825 62.575007
20090826 61.490188
20090827 61.670990
20090828 61.920671
20090831 62.075645
20090901 60.370936
20090902 60.766980
20090903 61.145800
20090904 61.429920
20090908 61.722652
20090909 63.005490
20090910 64.047258
20090911 63.711482
20090914 64.193620
20090915 64.296939
20090916 64.899612
20090917 64.477741
20090918 64.245283
20090921 64.176404
20090922 64.546620
20090923 64.073086
20090924 63.797577
20090925 63.539291
20090928 64.581059
20090929 63.659826
20090930 63.539291
20091001 62.463084
20091002 61.929282
20091005 62.867732
20091006 63.651214
20091007 62.971050
20091008 64.167792
20091009 64.339990
20091012 64.469129
20091013 64.271111
20091014 65.924164
20091015 66.096354
20091016 65.450630
20091019 65.708922
20091020 65.390363
20091021 65.717534
20091022 67.835509
20091023 67.000371
20091026 66.139405
20091027 65.433414
20091028 64.107525
20091029 64.985714
20091030 63.341266
20091102 63.952551
20091103 63.763137
20091104 63.771749
20091105 64.968491
20091106 64.925447
20091109 66.466570
20091110 67.146734
20091111 67.120906
20091112 66.475182
20091113 66.569888
20091116 67.172562
20091117 67.826898
20091118 67.419612
20091119 66.942993
20091120 66.414381
20091123 67.358952
20091124 67.254961
20091125 67.514936
20091127 66.509705
20091130 67.107644
20091201 68.138865
20091202 67.948224
20091203 66.856336
20091204 67.800901
20091207 67.514936
20091208 66.821673
20091209 69.100765
20091210 69.915348
20091211 70.842584
20091214 70.981240
20091215 71.665829
20091216 70.816588
20091217 69.733368
20091218 70.166656
20091221 70.565280
20091222 71.024565
20091223 71.223880
20091224 71.535848
20091228 72.315761
20091229 72.905033
20091230 72.705724
20091231 71.639833
20100104 71.943133
20100105 71.492516
20100106 72.506409
20100107 72.558408
20100108 73.069684
20100111 72.775052
20100112 72.835712
20100113 72.601733
20100114 72.359092
20100115 72.246440
20100119 73.762948
20100120 73.416316
20100121 71.665829
20100122 70.608612
20100125 70.911912
20100126 70.738593
20100127 71.319204
20100128 69.976008
20100129 69.750697
20100201 69.707372
20100202 69.698704
20100203 70.625940
20100204 68.641481
20100205 68.060876
20100208 67.185633
20100209 68.216860
20100210 68.130204
20100211 69.560049
20100212 68.615484
20100216 69.733368
20100217 69.903458
20100218 70.749558
20100219 71.107184
20100222 70.374483
20100223 69.528383
20100224 69.842400
20100225 69.554550
20100226 69.912183
20100301 70.287258
20100302 70.767001
20100303 70.653608
20100304 70.671051
20100305 71.909675
20100308 70.924009
20100309 71.517151
20100310 71.142076
20100311 70.880400
20100312 70.985067
20100315 70.880400
20100316 71.229308
20100317 71.682883
20100318 72.982559
20100319 71.490984
20100322 71.386309
20100323 71.831167
20100324 71.185692
20100325 70.592550
20100326 70.653608
20100329 70.967625
20100330 73.514642
20100331 72.895334
20100401 73.139567
20100405 73.436141
20100406 73.575701
20100407 72.973841
20100408 72.354526
20100409 72.825551
20100412 72.642375
20100413 73.218075
20100414 73.610592
20100415 74.142675
20100416 73.061066
20100419 73.183183
20100420 74.378184
20100421 74.753259
20100422 75.058558
20100423 75.520858
20100426 76.271008
20100427 76.733309
20100428 76.968818
20100429 77.919592
20100430 77.343893
20100503 78.338276
20100504 76.480351
20100505 75.529576
20100506 73.479751
20100507 72.075401
20100510 74.988775
20100511 74.177567
20100512 75.398742
20100513 74.657310
20100514 73.863550
20100517 73.863550
20100518 73.287851
20100519 72.449602
20100520 69.851459
20100521 70.834536
20100524 69.860232
20100525 69.754906
20100526 69.491578
20100527 71.475298
20100528 69.614462
20100601 68.526052
20100602 69.114144
20100603 68.763042
20100604 66.796881
20100607 65.603139
20100608 65.761134
20100609 65.647029
20100610 67.964292
20100611 68.727938
20100614 68.587495
20100615 70.018227
20100616 70.992532
20100617 71.124196
20100618 71.255860
20100621 71.510408
20100622 70.246444
20100623 70.325445
20100624 68.622606
20100625 69.254588
20100628 69.324809
20100629 68.894706
20100630 69.333582
20100701 68.947376
20100702 68.174950
20100706 68.587495
20100707 70.676541
20100708 71.290971
20100709 72.116059
20100712 72.203833
20100713 73.336133
20100714 72.897257
20100715 72.906030
20100716 71.053974
20100719 71.290971
20100720 72.142391
20100721 72.238944
20100722 74.389432
20100723 75.635837
20100726 76.645253
20100727 76.188825
20100728 76.092272
20100729 75.785054
20100730 75.082856
20100802 76.724254
20100803 76.548700
20100804 77.242124
20100805 76.996355
20100806 76.618921
20100809 77.268456
20100810 76.460926
20100811 73.818892
20100812 73.739898
20100813 73.739898
20100816 73.230800
20100817 73.810113
20100818 73.849863
20100819 72.259982
20100820 71.244232
20100823 71.615202
20100824 71.058740
20100825 71.323722
20100826 70.466953
20100827 71.544539
20100830 70.352131
20100831 69.380540
20100901 71.553373
20100902 72.312983
20100903 73.735041
20100907 72.551462
20100908 73.090254
20100909 73.275739
20100910 74.141343
20100913 74.953946
20100914 74.750792
20100915 74.706632
20100916 75.033437
20100917 76.022697
20100920 77.206277
20100921 76.446667
20100922 76.517324
20100923 75.545732
20100924 76.808803
20100927 76.128691
20100928 76.879466
20100929 76.994288
20100930 76.587986
20101001 77.391762
20101004 76.579152
20101005 78.487010
20101006 79.396772
20101007 78.522341
20101008 78.751992
20101011 77.948217
20101012 77.859892
20101013 78.734323
20101014 78.672495
20101015 78.734323
20101018 79.193625
20101019 78.213199
20101020 79.025802
20101021 79.979731
20101022 79.882571
20101025 80.288873
20101026 79.909068
20101027 79.820743
20101028 75.139431
20101029 74.388656
20101101 74.176674
20101102 74.900952
20101103 75.342585
20101104 76.879466
20101105 76.261176
20101108 75.837212
20101109 75.342585
20101110 76.181685
20101111 76.402501
20101112 76.172850
20101115 76.137519
20101116 74.406319
20101117 74.615185
20101118 76.037278
20101119 75.557323
20101122 75.459554
20101123 74.295214
20101124 75.246242
20101126 75.015151
20101129 74.855166
20101130 74.641855
20101201 76.481681
20101202 76.890530
20101203 77.272717
20101206 77.219384
20101207 74.828503
20101208 75.264015
20101209 74.757397
20101210 74.944045
20101213 75.815077
20101214 76.295026
20101215 76.268363
20101216 76.792761
20101217 76.766098
20101220 77.628233
20101221 76.908303
20101222 77.077179
20101223 76.854977
20101227 77.334933
20101228 77.094952
20101229 77.112732
20101230 76.917193
20101231 76.703882
20110103 77.139395
20110104 77.032736
20110105 77.032736
20110106 76.561670
20110107 76.641666
20110110 77.459365
20110111 77.983757
20110112 78.801463
20110113 78.250401
20110114 78.303727
20110118 78.339280
20110119 78.179295
20110120 78.250401
20110121 79.361407
20110124 80.276876
20110125 78.659251
20110126 79.610272
20110127 79.272528
20110128 77.717119
20110131 78.143742
20110201 78.028200
20110202 77.992647
20110203 78.170405
20110204 78.472602
20110207 78.917005
20110208 79.521393
20110209 80.685725
20110210 80.401308
20110211 81.592310
20110214 81.681189
20110215 81.770068
20110216 82.556922
20110217 82.914584
20110218 83.120235
20110222 82.261851
20110223 80.706031
20110224 80.500373
20110225 80.697088
20110228 82.467509
20110301 80.884858
20110302 81.653828
20110303 82.986111
20110304 82.431742
20110307 82.619513
20110308 83.826615
20110309 83.308006
20110310 80.482493
20110311 81.913133
20110314 81.385581
20110315 80.026475
20110316 78.282884
20110317 79.302215
20110318 79.561519
20110321 81.322990
20110322 81.099453
20110323 82.387032
20110324 82.780460
20110325 82.503269
20110328 82.369152
20110329 83.012934
20110330 82.682103
20110331 83.603077
20110401 83.272239
20110404 83.728257
20110405 83.504720
20110406 83.889205
20110407 83.325892
20110408 83.352716
20110411 83.871325
20110412 82.592689
20110413 83.030821
20110414 83.102355
20110415 82.995054
20110418 81.770066
20110419 82.136671
20110420 83.835558
20110421 83.978619
20110425 84.157453
20110426 85.784806
20110427 86.258705
20110428 86.938261
20110429 86.920375
20110502 86.661070
20110503 86.580600
20110504 86.017281
20110505 84.872769
20110506 85.480792
20110509 85.829510
20110510 85.579149
20110511 85.409258
20110512 86.419653
20110513 85.847397
20110516 85.355611
20110517 83.924972
20110518 84.491609
20110519 85.184160
20110520 84.149824
20110523 83.187444
20110524 82.719748
20110525 83.367333
20110526 83.484255
20110527 84.068880
20110531 84.887349
20110601 82.243056
20110602 82.261042
20110603 81.577480
20110606 81.505531
20110607 81.712394
20110608 81.766364
20110609 82.710752
20110610 81.604468
20110613 82.117138
20110614 83.277385
20110615 81.874290
20110616 82.368975
20110617 82.548856
20110620 83.250403
20110621 84.032902
20110622 83.466269
20110623 83.052530
20110624 81.748372
20110627 82.971585
20110628 83.664136
20110629 83.745088
20110630 85.310078
20110701 86.947024
20110705 86.470332
20110706 87.459694
20110707 88.116274
20110708 87.801478
20110711 86.848087
20110712 86.236481
20110713 86.515306
20110714 85.427007
20110715 85.867722
20110718 85.085223
20110719 84.788412
20110720 84.770427
20110721 86.200503
20110722 85.786770
20110725 85.507952
20110726 80.884929
20110727 79.221001
20110728 78.762295
20110729 78.375543
20110801 78.042755
20110802 76.693624
20110803 77.512100
20110804 73.959390
20110805 74.427086
20110808 70.685491
20110809 74.373123
20110810 70.361706
20110811 73.050973
20110812 74.238208
20110815 74.930759
20110816 73.869442
20110817 73.280880
20110818 70.102627
20110819 69.604614
20110822 69.677048
20110823 72.139967
20110824 72.701370
20110825 70.799854
20110826 72.447836
20110829 74.340295
20110830 74.313132
20110831 75.137126
20110901 73.896610
20110902 71.850212
20110906 70.700250
20110907 72.954905
20110908 71.768722
20110909 69.405406
20110912 70.827017
20110913 70.455765
20110914 71.931710
20110915 73.009232
20110916 72.918685
20110919 71.723445
20110920 71.723445
20110921 69.124701
20110922 66.009839
20110923 66.996814
